Nodo inicial:   4     ---    	 arquivo .dat: grafo5.dat


Para busca em profundidade:
O ordem dos vertices percorridos:
[4, 0, 1, 3, 2]
Tempo gasto para percorrer todos os vertices
1.78813934326e-05

Para busca em largura:
O ordem dos vertices percorridos:
[4, 0, 1, 2, 3]
Tempo gasto para percorrer todos os vertices
2.00271606445e-05


Nodo inicial:   9     ---    	 arquivo .dat: grafo20.dat


Para busca em profundidade:
O ordem dos vertices percorridos:
[9, 0, 1, 2, 3, 4, 5, 6, 8, 7, 10, 12, 11, 13, 14, 15, 16, 19, 17, 18]
Tempo gasto para percorrer todos os vertices
0.000114917755127

Para busca em largura:
O ordem dos vertices percorridos:
[9, 0, 1, 2, 3, 5, 6, 8, 10, 11, 13, 14, 15, 16, 17, 18, 19, 4, 7, 12]
Tempo gasto para percorrer todos os vertices
0.000181913375854


Nodo inicial:  29     ---    	 arquivo .dat: grafo50.dat


Para busca em profundidade:
O ordem dos vertices percorridos:
[29, 3, 1, 2, 0, 7, 4, 6, 5, 9, 8, 11, 12, 10, 13, 15, 16, 17, 14, 18, 21, 19, 22, 23, 20, 24, 25, 26, 27, 30, 32, 31, 28, 35, 34, 33, 36, 37, 38, 39, 41, 40, 42, 45, 46, 43, 44, 47, 48, 49]
Tempo gasto para percorrer todos os vertices
0.000813961029053

Para busca em largura:
O ordem dos vertices percorridos:
[29, 3, 4, 5, 6, 7, 8, 9, 13, 14, 15, 16, 17, 18, 19, 21, 22, 24, 25, 26, 27, 28, 30, 31, 32, 33, 34, 36, 37, 39, 41, 45, 46, 47, 1, 2, 10, 11, 12, 23, 35, 38, 40, 44, 49, 20, 42, 43, 48, 0]
Tempo gasto para percorrer todos os vertices
0.0016930103302


Nodo inicial:  82     ---    	 arquivo .dat: grafo100.dat


Para busca em profundidade:
O ordem dos vertices percorridos:
[82, 0, 1, 2, 3, 4, 5, 6, 7, 10, 8, 11, 9, 12, 15, 13, 14, 16, 20, 19, 18, 21, 17, 22, 24, 23, 25, 26, 27, 29, 28, 30, 31, 33, 32, 34, 35, 36, 40, 37, 38, 39, 41, 42, 43, 44, 46, 45, 47, 48, 50, 49, 51, 52, 54, 53, 55, 57, 56, 59, 62, 58, 60, 61, 63, 64, 70, 65, 66, 67, 68, 71, 72, 74, 69, 73, 75, 76, 77, 78, 80, 79, 81, 83, 84, 85, 89, 87, 88, 86, 91, 90, 92, 93, 96, 97, 95, 98, 94, 99]
Tempo gasto para percorrer todos os vertices
0.00471591949463

Para busca em largura:
O ordem dos vertices percorridos:
[82, 0, 1, 2, 3, 4, 5, 6, 7, 8, 9, 11, 12, 14, 15, 17, 18, 19, 21, 24, 25, 26, 27, 28, 29, 30, 31, 33, 34, 35, 36, 39, 40, 43, 44, 45, 46, 47, 48, 50, 51, 52, 53, 54, 55, 56, 57, 59, 60, 61, 62, 63, 64, 66, 69, 70, 72, 74, 75, 76, 77, 78, 80, 81, 84, 86, 87, 88, 89, 90, 91, 92, 93, 94, 95, 96, 97, 99, 10, 13, 16, 20, 22, 23, 37, 38, 42, 49, 65, 67, 71, 73, 79, 83, 98, 32, 58, 85, 41, 68]
Tempo gasto para percorrer todos os vertices
0.014594078064


Nodo inicial: 154     ---    	 arquivo .dat: grafo200.dat


Para busca em profundidade:
O ordem dos vertices percorridos:
[154, 2, 0, 1, 3, 5, 6, 4, 7, 8, 9, 10, 12, 11, 13, 14, 15, 16, 17, 18, 19, 20, 21, 22, 24, 23, 27, 25, 26, 28, 29, 31, 33, 30, 32, 34, 35, 36, 37, 38, 40, 39, 41, 43, 44, 42, 48, 45, 46, 47, 49, 50, 51, 54, 52, 55, 56, 53, 58, 57, 60, 59, 61, 62, 64, 63, 65, 66, 67, 68, 69, 70, 72, 71, 74, 75, 73, 78, 79, 76, 77, 80, 81, 82, 83, 85, 84, 87, 88, 86, 89, 91, 90, 92, 95, 93, 96, 97, 94, 99, 100, 98, 101, 102, 103, 105, 104, 107, 106, 108, 109, 110, 111, 112, 113, 114, 116, 115, 117, 118, 119, 121, 120, 122, 123, 125, 124, 126, 127, 128, 129, 130, 131, 132, 133, 135, 134, 136, 137, 138, 139, 141, 140, 142, 144, 143, 147, 145, 146, 148, 149, 151, 150, 152, 153, 155, 156, 157, 158, 159, 160, 161, 162, 164, 163, 166, 165, 167, 168, 171, 169, 172, 170, 174, 175, 173, 176, 177, 178, 179, 180, 182, 183, 181, 184, 185, 186, 189, 187, 188, 193, 192, 190, 191, 194, 197, 195, 196, 198, 199]
Tempo gasto para percorrer todos os vertices
0.0326950550079

Para busca em largura:
O ordem dos vertices percorridos:
[154, 2, 4, 5, 6, 8, 9, 10, 11, 17, 19, 22, 23, 24, 26, 30, 34, 35, 36, 37, 38, 39, 41, 42, 44, 46, 48, 50, 51, 52, 53, 57, 58, 60, 61, 64, 65, 66, 67, 68, 69, 71, 72, 75, 76, 77, 78, 79, 84, 85, 87, 88, 90, 92, 93, 94, 98, 100, 101, 102, 103, 104, 105, 106, 108, 109, 110, 111, 112, 113, 114, 117, 118, 121, 122, 123, 125, 126, 128, 129, 130, 131, 134, 135, 136, 138, 140, 141, 142, 143, 144, 146, 147, 150, 151, 152, 153, 156, 157, 158, 159, 160, 162, 163, 164, 166, 167, 168, 169, 170, 171, 175, 177, 178, 179, 180, 184, 185, 186, 187, 188, 189, 190, 191, 192, 193, 194, 195, 196, 197, 199, 0, 7, 12, 14, 15, 16, 18, 20, 21, 25, 27, 29, 32, 33, 43, 45, 49, 54, 55, 56, 59, 62, 63, 73, 82, 83, 86, 91, 95, 96, 99, 107, 115, 116, 124, 127, 132, 133, 137, 145, 148, 155, 161, 165, 173, 181, 182, 198, 1, 13, 31, 70, 74, 81, 89, 119, 120, 149, 172, 176, 3, 28, 47, 80, 97, 174, 40, 183, 139]
Tempo gasto para percorrer todos os vertices
0.183047056198


Nodo inicial:  70     ---    	 arquivo .dat: grafo500.dat


Para busca em profundidade:
O ordem dos vertices percorridos:
[70, 0, 1, 2, 3, 4, 5, 6, 7, 9, 8, 10, 14, 12, 11, 13, 15, 18, 16, 19, 20, 17, 21, 23, 22, 25, 24, 26, 27, 28, 30, 32, 29, 34, 31, 33, 35, 36, 38, 37, 43, 39, 41, 40, 44, 45, 42, 46, 47, 48, 49, 51, 50, 53, 52, 54, 55, 56, 58, 57, 60, 61, 59, 62, 63, 64, 65, 66, 67, 68, 71, 73, 69, 72, 74, 75, 77, 76, 78, 79, 80, 81, 82, 85, 83, 84, 87, 86, 88, 89, 90, 91, 92, 94, 93, 96, 95, 97, 98, 102, 101, 100, 104, 105, 108, 99, 106, 107, 109, 111, 103, 112, 110, 113, 115, 114, 116, 117, 118, 120, 119, 122, 121, 124, 123, 125, 128, 126, 127, 129, 131, 130, 132, 133, 134, 135, 137, 138, 136, 139, 140, 141, 142, 144, 143, 145, 146, 147, 149, 148, 150, 151, 152, 153, 154, 155, 156, 157, 158, 159, 160, 162, 161, 164, 166, 163, 165, 167, 168, 169, 170, 171, 172, 173, 174, 178, 175, 176, 177, 179, 180, 181, 182, 183, 184, 185, 186, 188, 189, 190, 193, 191, 187, 192, 194, 195, 196, 197, 198, 199, 204, 202, 200, 201, 203, 205, 206, 207, 208, 209, 210, 214, 217, 211, 212, 213, 218, 215, 219, 220, 216, 221, 223, 222, 224, 226, 225, 228, 230, 227, 231, 229, 232, 234, 233, 235, 236, 237, 239, 242, 238, 240, 241, 243, 246, 245, 244, 248, 247, 249, 250, 253, 254, 251, 252, 256, 257, 255, 260, 259, 258, 261, 262, 264, 265, 263, 266, 267, 270, 268, 269, 271, 272, 273, 274, 275, 276, 277, 278, 280, 282, 287, 281, 279, 284, 286, 283, 285, 289, 290, 292, 288, 293, 294, 291, 295, 296, 297, 300, 299, 298, 303, 302, 305, 301, 304, 308, 310, 306, 307, 309, 311, 312, 313, 314, 317, 315, 316, 319, 318, 320, 322, 323, 321, 324, 327, 328, 325, 326, 329, 330, 331, 333, 332, 337, 334, 338, 336, 339, 335, 342, 340, 341, 344, 345, 343, 346, 347, 348, 350, 356, 349, 351, 354, 352, 355, 353, 357, 358, 360, 361, 362, 364, 359, 363, 365, 366, 367, 368, 369, 370, 372, 373, 371, 374, 377, 375, 376, 379, 378, 380, 381, 382, 383, 384, 385, 386, 387, 389, 388, 391, 390, 392, 394, 393, 395, 396, 397, 398, 399, 400, 401, 403, 402, 404, 406, 405, 407, 408, 411, 410, 409, 412, 413, 415, 414, 416, 417, 418, 420, 419, 421, 422, 423, 425, 426, 424, 428, 427, 430, 431, 432, 429, 433, 434, 436, 435, 438, 437, 439, 441, 442, 440, 443, 444, 446, 445, 448, 447, 450, 449, 451, 452, 453, 454, 455, 456, 457, 459, 458, 460, 461, 462, 463, 465, 471, 466, 467, 464, 468, 469, 470, 474, 472, 473, 475, 477, 476, 478, 479, 480, 481, 483, 482, 486, 485, 484, 487, 488, 489, 491, 492, 490, 493, 494, 496, 497, 495, 498, 499]
Tempo gasto para percorrer todos os vertices
0.421431064606

Para busca em largura:
O ordem dos vertices percorridos:
[70, 0, 1, 3, 4, 5, 6, 7, 8, 12, 14, 15, 16, 17, 18, 19, 20, 21, 22, 23, 25, 27, 28, 29, 30, 31, 33, 34, 35, 36, 37, 38, 39, 40, 41, 42, 45, 46, 48, 49, 50, 51, 52, 54, 55, 57, 61, 62, 63, 64, 65, 67, 69, 72, 73, 76, 77, 81, 82, 83, 84, 86, 88, 89, 90, 92, 93, 94, 95, 97, 98, 102, 103, 105, 106, 107, 108, 109, 112, 113, 114, 117, 120, 121, 122, 123, 124, 125, 128, 129, 130, 131, 132, 133, 134, 135, 136, 137, 138, 141, 142, 144, 148, 149, 150, 151, 152, 154, 157, 158, 159, 160, 161, 163, 165, 166, 167, 169, 170, 171, 172, 173, 174, 175, 176, 177, 179, 180, 181, 182, 184, 185, 187, 188, 190, 191, 192, 193, 194, 195, 196, 197, 198, 199, 200, 201, 202, 203, 204, 205, 206, 207, 209, 211, 212, 213, 214, 215, 217, 219, 221, 222, 223, 224, 225, 226, 227, 228, 230, 231, 234, 235, 236, 238, 241, 242, 244, 245, 247, 249, 250, 251, 252, 253, 254, 257, 258, 259, 262, 263, 264, 265, 266, 268, 269, 271, 272, 273, 274, 275, 276, 277, 278, 280, 281, 282, 286, 287, 288, 291, 293, 294, 295, 297, 299, 301, 302, 304, 305, 306, 307, 308, 309, 311, 312, 313, 314, 315, 316, 318, 319, 320, 322, 325, 327, 328, 329, 330, 333, 334, 336, 337, 338, 339, 340, 342, 343, 344, 345, 346, 348, 349, 350, 351, 352, 354, 355, 357, 359, 361, 365, 368, 369, 371, 375, 376, 377, 380, 382, 387, 388, 389, 390, 391, 393, 394, 396, 397, 398, 399, 400, 402, 403, 406, 407, 408, 409, 410, 412, 413, 414, 415, 416, 418, 419, 421, 422, 423, 424, 425, 426, 428, 429, 431, 432, 433, 435, 436, 437, 438, 439, 440, 444, 446, 450, 452, 453, 456, 458, 460, 464, 465, 466, 468, 469, 470, 471, 474, 476, 479, 481, 483, 484, 486, 487, 489, 490, 491, 492, 493, 494, 495, 496, 497, 498, 499, 2, 9, 10, 13, 24, 32, 43, 44, 47, 53, 56, 58, 60, 68, 71, 78, 79, 80, 91, 96, 99, 100, 101, 104, 111, 115, 116, 118, 119, 126, 127, 139, 143, 145, 146, 156, 162, 164, 183, 186, 189, 208, 210, 216, 218, 229, 232, 237, 239, 240, 243, 255, 260, 279, 283, 284, 285, 290, 292, 296, 298, 303, 310, 321, 323, 331, 332, 335, 341, 347, 353, 356, 360, 364, 366, 367, 372, 373, 378, 379, 381, 384, 386, 404, 405, 411, 417, 420, 427, 430, 434, 441, 442, 443, 445, 447, 448, 451, 454, 455, 459, 462, 463, 467, 475, 477, 478, 480, 482, 485, 488, 26, 66, 75, 85, 147, 233, 246, 248, 261, 267, 270, 289, 300, 324, 326, 363, 370, 374, 383, 385, 392, 401, 449, 457, 461, 472, 473, 11, 87, 110, 153, 155, 168, 178, 317, 358, 395, 140, 220, 256, 59, 74, 362]
Tempo gasto para percorrer todos os vertices
6.68381595612


